image: map_occ_10cm.pbstream.pgm
resolution: 0.100000
origin: [-9.649383, -18.312599, 0.000000]
negate: 0
occupied_thresh: 0.65
free_thresh: 0.196

