image: map_tsdf_10cm.pbstream.pgm
resolution: 0.100000
origin: [-11.619418, -5.591051, 0.000000]
negate: 0
occupied_thresh: 0.65
free_thresh: 0.196

