image: map_occ.pbstream.pgm
resolution: 0.010000
origin: [-9.200000, -17.814077, 0.000000]
negate: 0
occupied_thresh: 0.65
free_thresh: 0.196

