image: museum_occ.pbstream.pgm
resolution: 0.010000
origin: [-8.956426, -16.000000, 0.000000]
negate: 0
occupied_thresh: 0.9
free_thresh: 0.5

