image: museum.pbstream.pgm
resolution: 0.010000
origin: [-9.781451, -4.498774, 0.000000]
negate: 0
occupied_thresh: 0.65
free_thresh: 0.196

