image: museum_occ.pbstream.pgm
resolution: 0.010000
origin: [-9.210058, -17.818191, 0.000000]
negate: 0
occupied_thresh: 0.65
free_thresh: 0.196

