image: museum_tsdf_3test.pbstream.pgm
resolution: 0.010000
origin: [-9.576432, -16.720000, 0.000000]
negate: 0
occupied_thresh: 0.65
free_thresh: 0.196

