image: museum_tsdf_2test.pbstream.pgm
resolution: 0.010000
origin: [-10.955204, -7.209386, 0.000000]
negate: 0
occupied_thresh: 0.65
free_thresh: 0.196

